route_id,note_id,trip_id,service_id,trip_short_name,trip_headsign,direction_id,block_id,shape_id,wheelchair_accessible,bikes_allowed,mean_duration_factor,mean_duration_offset,safe_duration_factor,safe_duration_offset,cars_allowed,peak_offpeak,mta_trip_id,boarding_type
3805,,7373982,637,1,,,,23658,,,,,,,,0,,0
3807,,5344439,25264,"3*",,,,23591,,,,,,,,0,,0
3807,,5344437,636,"4*",,,,23591,,,,,,,,0,,0
4722,,7591200,635,77,,,,23554,,,,,,,,0,,0
1936,,7439808,635,3,,,,29897,,,,,,,,0,,0
3784,,5355450,635,"3*",,,,23651,,,,,,,,0,,0
2708,,7340080,634,1,,,,28470,,,,,,,,0,,0
1936,,7439809,636,4,,,,29897,,,,,,,,0,,0
3805,,7374083,638,3,,,,23658,,,,,,,,0,,0
2020,,2311649,635,4,,,,12976,,,,,,,,0,,0
2020,,1042424,635,1,,,,12976,,,,,,,,0,,0
2020,,1042428,634,"2*",,,,12977,,,,,,,,0,,0
10081,,7433174,638,25s,,,,28708,,,,,,,,0,,0
10081,,7433178,635,57d,,,,28707,,,,,,,,0,,0
2020,,3760399,44029,3,,,,12976,,,,,,,,0,,0
1903,,7433892,635,1,,,,29868,,,,,,,,0,,0
1903,,7433903,635,"1*",,,,29869,,,,,,,,0,,0
1903,,7433906,635,"4*",,,,29869,,,,,,,,0,,0
1903,,7433911,634,"9*",,,,29869,,,,,,,,0,,0
1903,,7433913,634,"11*",,,,29869,,,,,,,,0,,0
1702,,2324636,636,"5*",,,,16552,,,,,,,,0,,0
1702,,2324642,636,"6*",,,,16552,,,,,,,,0,,0
1702,,3918597,636,"7*",,,,16552,,,,,,,,0,,0
1702,,3918599,636,"4*",,,,16552,,,,,,,,0,,0
1843,,7433838,634,5,,,,29698,,,,,,,,0,,0
1843,,7433839,634,6,,,,29698,,,,,,,,0,,0
1843,,7433847,634,"6*",,,,29699,,,,,,,,0,,0
10081,,7433172,638,18s,,,,28707,,,,,,,,0,,0
10081,,7433177,635,55d,,,,28708,,,,,,,,0,,0
1903,,7433895,634,4,,,,29868,,,,,,,,0,,0
1903,,7433896,634,5,,,,29868,,,,,,,,0,,0
1903,,7433898,635,7,,,,29868,,,,,,,,0,,0
1903,,7433907,634,"5*",,,,29869,,,,,,,,0,,0
1903,,7433910,635,"8*",,,,29869,,,,,,,,0,,0
1903,,7433912,634,"10*",,,,29869,,,,,,,,0,,0
1903,,7433904,634,"2*",,,,29869,,,,,,,,0,,0
1903,,7433905,634,"3*",,,,29869,,,,,,,,0,,0
1903,,7433894,635,3,,,,29868,,,,,,,,0,,0
1903,,7433893,634,2,,,,29868,,,,,,,,0,,0
1903,,7433897,634,6,,,,29868,,,,,,,,0,,0
1903,,7433900,634,9,,,,29868,,,,,,,,0,,0
1903,,7433901,634,10,,,,29868,,,,,,,,0,,0
1903,,7433902,634,11,,,,29868,,,,,,,,0,,0
1843,,7433844,634,"3*",,,,29699,,,,,,,,0,,0
1843,,7433845,634,"4*",,,,29699,,,,,,,,0,,0
2020,,3760400,44029,"3*",,,,12977,,,,,,,,0,,0
2020,,1042426,44029,"2*",,,,12976,,,,,,,,0,,0
1942,,7500911,636,2,,,,33196,,,,,,,,0,,0
3807,,5344438,635,"2*",,,,23591,,,,,,,,0,,0
1836,,3305663,634,2,,,,4500,,,,,,,,0,,0
1900,,156947,635,1,,,,4658,,,,,,,,0,,0
1899,,156956,636,2,,,,4655,,,,,,,,0,,0
1899,,156957,635,3,,,,4655,,,,,,,,0,,0
1899,,156958,635,4,,,,4655,,,,,,,,0,,0
1899,,156959,636,5,,,,4655,,,,,,,,0,,0
1899,,156960,635,6,,,,4655,,,,,,,,0,,0
1899,,156961,636,7,,,,4655,,,,,,,,0,,0
1890,,156986,635,1,,,,4626,,,,,,,,0,,0
1890,,157001,636,2,,,,4626,,,,,,,,0,,0
1890,,157011,634,6,,,,4626,,,,,,,,0,,0
1890,,157013,635,8,,,,4626,,,,,,,,0,,0
1890,,157014,635,"1*",,,,4627,,,,,,,,0,,0
1890,,157016,635,"3*",,,,4627,,,,,,,,0,,0
1903,,7433899,634,8,,,,29868,,,,,,,,0,,0
1903,,7433908,634,"6*",,,,29869,,,,,,,,0,,0
1903,,7433909,634,"7*",,,,29869,,,,,,,,0,,0
2724,,57057,635,"2*",,,,7082,,,,,,,,0,,0
1765,,2311501,635,3,,,,16386,,,,,,,,0,,0
1765,,2311512,636,5,,,,16386,,,,,,,,0,,0
1765,,2311522,636,"6*",,,,16385,,,,,,,,0,,0
1765,,2311518,635,"2*",,,,16385,,,,,,,,0,,0
3642,,7150890,638,"2p*",,,,26108,,,,,,,,0,,0
3642,,7150891,637,"3p*",,,,26108,,,,,,,,0,,0
3642,,7150894,635,"5*",,,,26108,,,,,,,,0,,0
3645,,3846206,635,6,,,,20774,,,,,,,,0,,0
3642,,7150898,636,"1p*",,,,26108,,,,,,,,0,,0
3642,,7150899,635,2,,,,26109,,,,,,,,0,,0
3642,,7150900,635,3,,,,26109,,,,,,,,0,,0
3642,,7150901,635,4,,,,26109,,,,,,,,0,,0
3642,,7150903,638,4p,,,,26109,,,,,,,,0,,0
3642,,7150904,637,3p,,,,26109,,,,,,,,0,,0
3642,,7150905,638,2p,,,,26109,,,,,,,,0,,0
3642,,7150906,636,1p,,,,26109,,,,,,,,0,,0
3642,,7150907,635,1,,,,26109,,,,,,,,0,,0
3787,,5355486,2683,"6*",,,,23655,,,,,,,,0,,0
1811,,2311486,44029,2,,,,16379,,,,,,,,0,,0
3787,,5355490,2683,"9*",,,,23655,,,,,,,,0,,0
3787,,5355491,2683,"8*",,,,23655,,,,,,,,0,,0
2026,,2311650,635,"5*",,,,5062,,,,,,,,0,,0
6101,,2515699,635,2,,,,17129,,,,,,,,0,,0
1839,,3280200,636,8,,,,4507,,,,,,,,0,,0
3645,,3918607,636,5,,,,20774,,,,,,,,0,,0
2022,,57569,637,"4*",,,,5055,,,,,,,,0,,0
2022,,7150714,635,"5*",,,,5055,,,,,,,,0,,0
1761,,2324722,635,"3*",,,,16560,,,,,,,,0,,0
3786,,7440500,2683,3M,,,,23652,,,,,,,,0,,0
3645,,3918606,635,2,,,,20774,,,,,,,,0,,0
3645,,3918611,636,"2*",,,,20775,,,,,,,,0,,0
3645,,3918612,634,"7*",,,,20775,,,,,,,,0,,0
2026,,7150888,635,"6*",,,,5062,,,,,,,,0,,0
1844,,7150808,635,1,,,,26085,,,,,,,,0,,0
1844,,7150809,635,2,,,,26085,,,,,,,,0,,0
7266,,3764496,634,1,,,,20457,,,,,,,,0,,0
7266,,3764497,634,2,,,,20457,,,,,,,,0,,0
5931,,5787279,635,1,,,,24308,,,,,,,,0,,0
5931,,5787284,634,"3*'",,,,24309,,,,,,,,0,,0
5931,,5787285,635,"4*'",,,,24309,,,,,,,,0,,0
5931,,5787286,636,"2*'",,,,24309,,,,,,,,0,,0
1942,,7500913,635,"4*",,,,33197,,,,,,,,0,,0
1942,,7500914,635,"1*",,,,33197,,,,,,,,0,,0
1942,,7500915,636,"6*",,,,33197,,,,,,,,0,,0
1942,,7500916,636,"3*",,,,33197,,,,,,,,0,,0
1942,,7500917,635,"5*",,,,33197,,,,,,,,0,,0
1702,,3779666,635,8,,,,16553,,,,,,,,0,,0
1890,,157022,636,"9*",,,,4627,,,,,,,,0,,0
3541,,157026,635,2,,,,9096,,,,,,,,0,,0
3541,,157027,635,11,,,,9096,,,,,,,,0,,0
3541,,157028,635,12,,,,9096,,,,,,,,0,,0
3541,,157029,635,13,,,,9096,,,,,,,,0,,0
3541,,157030,635,3,,,,9096,,,,,,,,0,,0
3541,,157031,635,4,,,,9096,,,,,,,,0,,0
3541,,157032,635,5,,,,9096,,,,,,,,0,,0
3541,,157033,635,6,,,,9096,,,,,,,,0,,0
3541,,157034,635,7,,,,9096,,,,,,,,0,,0
3541,,157035,635,8,,,,9096,,,,,,,,0,,0
3541,,157036,635,9,,,,9096,,,,,,,,0,,0
3541,,157037,635,10,,,,9096,,,,,,,,0,,0
3541,,157040,635,"4*",,,,9097,,,,,,,,0,,0
3541,,157041,635,"3*",,,,9097,,,,,,,,0,,0
3541,,157043,635,"6*",,,,9097,,,,,,,,0,,0
3541,,157048,635,"11*",,,,9097,,,,,,,,0,,0
3541,,157049,635,"12*",,,,9097,,,,,,,,0,,0
3541,,157051,637,1š,,,,9097,,,,,,,,0,,0
3541,,157053,637,3š,,,,9097,,,,,,,,0,,0
3541,,157054,637,4š,,,,9097,,,,,,,,0,,0
3541,,157057,637,7š,,,,9097,,,,,,,,0,,0
3541,,157062,637,"1š*",,,,9096,,,,,,,,0,,0
3541,,157063,637,"5š*",,,,9096,,,,,,,,0,,0
3541,,157065,637,"3š*",,,,9096,,,,,,,,0,,0
3541,,157067,637,"6š*",,,,9096,,,,,,,,0,,0
3541,,157070,637,"9š*",,,,9096,,,,,,,,0,,0
3541,,157072,637,"11š*",,,,9096,,,,,,,,0,,0
3805,,7375083,637,"10*",,,,23659,,,,,,,,0,,0
3805,,7374794,637,"7*",,,,23659,,,,,,,,0,,0
10081,,7595277,637,17š,,,,28707,,,,,,,,0,,0
10081,,7380746,638,8s,,,,28707,,,,,,,,0,,0
3642,,7150889,636,"4p*",,,,26108,,,,,,,,0,,0
3805,,7375005,635,"9*",,,,23659,,,,,,,,0,,0
1702,,2324638,635,"1*",,,,16552,,,,,,,,0,,0
1702,,2324641,635,"2*",,,,16552,,,,,,,,0,,0
4562,,7595283,635,2,,,,12810,,,,,,,,0,,0
1938,,7595284,635,"3*",,,,29908,,,,,,,,0,,0
5880,,3844750,635,"2*",,,,20744,,,,,,,,0,,0
1941,,7440070,635,"1*",,,,29871,,,,,,,,0,,0
1941,,7440071,635,"2*",,,,29871,,,,,,,,0,,0
3807,,5344440,635,"1*",,,,23591,,,,,,,,0,,0
3807,,5344448,635,"11*",,,,23591,,,,,,,,0,,0
1936,,7440063,635,"4*",,,,29898,,,,,,,,0,,0
3805,,7374886,635,"8*",,,,23659,,,,,,,,0,,0
3805,,7375172,638,"11*",,,,23659,,,,,,,,0,,0
3787,,5355479,635,5,,,,23654,,,,,,,,0,,0
10081,,7595270,637,8š,,,,28707,,,,,,,,0,,0
10081,,7595275,637,15š,,,,28707,,,,,,,,0,,0
10081,,7595278,25264,"17š*",,,,28708,,,,,,,,0,,0
10081,,7595280,638,10s,,,,28707,,,,,,,,0,,0
3642,,7595282,636,5p,,,,26109,,,,,,,,0,,0
1936,,7439806,635,1,,,,29897,,,,,,,,0,,0
3787,,5355484,2683,10,,,,23654,,,,,,,,0,,0
5880,,3844755,634,5,,,,20745,,,,,,,,0,,0
3781,,7591135,637,6,,,,33192,,,,,,,,0,,0
3781,,7591136,635,"8*",,,,33193,,,,,,,,0,,0
4722,,7591195,635,14,,,,23553,,,,,,,,0,,0
10081,,7595279,638,7s,,,,28707,,,,,,,,0,,0
1900,,156948,635,2,,,,4658,,,,,,,,0,,0
1900,,156949,635,3,,,,4658,,,,,,,,0,,0
1900,,156951,635,"5*",,,,4659,,,,,,,,0,,0
1900,,156952,635,"4*",,,,4659,,,,,,,,0,,0
1900,,156953,635,"3*",,,,4659,,,,,,,,0,,0
1900,,156954,635,"2*",,,,4659,,,,,,,,0,,0
1890,,157015,636,"2*",,,,4627,,,,,,,,0,,0
3541,,157039,635,"2*",,,,9097,,,,,,,,0,,0
3541,,157050,635,"13*",,,,9097,,,,,,,,0,,0
3541,,157052,637,2š,,,,9097,,,,,,,,0,,0
3541,,157055,637,5š,,,,9097,,,,,,,,0,,0
3541,,157058,637,8š,,,,9097,,,,,,,,0,,0
1890,,157012,636,7,,,,4626,,,,,,,,0,,0
3541,,157060,637,10š,,,,9097,,,,,,,,0,,0
3541,,157068,637,"7š*",,,,9096,,,,,,,,0,,0
3541,,157069,637,"8š*",,,,9096,,,,,,,,0,,0
3541,,157071,637,"10š*",,,,9096,,,,,,,,0,,0
2708,,7340086,635,"3*",,,,28471,,,,,,,,0,,0
1839,,3305659,635,11,,,,4507,,,,,,,,0,,0
5880,,3844760,634,"4*",,,,20746,,,,,,,,0,,0
3784,,5355447,635,3,,,,23650,,,,,,,,0,,0
3581,,1010517,635,3,,,,12818,,,,,,,,0,,0
3581,,1010518,635,1,,,,12818,,,,,,,,0,,0
3581,,1010519,635,2,,,,12818,,,,,,,,0,,0
3581,,1010520,635,"3*",,,,12819,,,,,,,,0,,0
3581,,1010521,635,"2*",,,,12819,,,,,,,,0,,0
3581,,1010522,635,"1*",,,,12819,,,,,,,,0,,0
1938,,7591205,635,5,,,,29907,,,,,,,,0,,0
3807,,5344444,635,"8*",,,,23591,,,,,,,,0,,0
1811,,7150736,635,"2*",,,,16380,,,,,,,,0,,0
1817,,57979,635,1,,,,4386,,,,,,,,0,,0
1817,,57981,636,"1*",,,,4387,,,,,,,,0,,0
10081,,7595265,637,2š,,,,28707,,,,,,,,0,,0
10081,,7595269,637,7š,,,,28707,,,,,,,,0,,0
5880,,3844749,635,"2*",,,,20744,,,,,,,,0,,0
4722,,7591199,634,3V,,,,23552,,,,,,,,0,,0
4722,,7591198,635,2V,,,,23552,,,,,,,,0,,0
5880,,3844754,634,4,,,,20745,,,,,,,,0,,0
5880,,3844756,634,7,,,,20745,,,,,,,,0,,0
10081,,7595264,637,1š,,,,28707,,,,,,,,0,,0
10081,,7595266,637,3š,,,,28707,,,,,,,,0,,0
10081,,7595268,637,6š,,,,28707,,,,,,,,0,,0
10081,,7595272,637,10š,,,,28707,,,,,,,,0,,0
10081,,7595276,637,16š,,,,28707,,,,,,,,0,,0
10081,,7595281,638,11s,,,,28707,,,,,,,,0,,0
1942,,7500906,636,6,,,,33196,,,,,,,,0,,0
4722,,7591197,635,1V,,,,23552,,,,,,,,0,,0
1942,,7500910,635,4,,,,33196,,,,,,,,0,,0
1942,,7500907,636,5,,,,33196,,,,,,,,0,,0
1941,,7440069,635,1-,,,,29909,,,,,,,,0,,0
3642,,7150902,635,5,,,,26109,,,,,,,,0,,0
3806,,5344413,635,6,,,,23588,,,,,,,,0,,0
3806,,5344421,635,"7*",,,,23589,,,,,,,,0,,0
3807,,5344441,635,"5*",,,,23591,,,,,,,,0,,0
3807,,5344443,636,"7*",,,,23591,,,,,,,,0,,0
1811,,2311485,635,1,,,,16379,,,,,,,,0,,0
1811,,2311487,635,"1*",,,,16380,,,,,,,,0,,0
5880,,3844746,635,6,,,,20742,,,,,,,,0,,0
1936,,7440060,635,"1*",,,,29898,,,,,,,,0,,0
1936,,7440061,635,"2*",,,,29898,,,,,,,,0,,0
1936,,7440062,636,"3*",,,,29898,,,,,,,,0,,0
1938,,7440068,636,"2*",,,,29908,,,,,,,,0,,0
1938,,7440066,636,2,,,,29907,,,,,,,,0,,0
1938,,7440064,634,1,,,,29907,,,,,,,,0,,0
1938,,7440067,635,3,,,,29907,,,,,,,,0,,0
3805,,7374216,635,6,,,,23658,,,,,,,,0,,0
1174,,1010513,639,1,,,,12816,,,,,,,,0,,0
1836,,3305664,635,"2*",,,,4501,,,,,,,,0,,0
2024,,3760394,634,2,,,,5058,,,,,,,,0,,0
3807,,5344442,635,"6*",,,,23591,,,,,,,,0,,0
3807,,5344446,635,"10*",,,,23591,,,,,,,,0,,0
1938,,7440065,2912,"1*",,,,29908,,,,,,,,0,,0
1938,,7591204,635,4,,,,29907,,,,,,,,0,,0
8681,,7561722,634,"2*",,,,34075,,,,,,,,0,,0
3805,,5355505,635,2,,,,23658,,,,,,,,0,,0
1890,,157008,634,3,,,,4626,,,,,,,,0,,0
1890,,157010,635,5,,,,4626,,,,,,,,0,,0
1890,,157017,636,"4*",,,,4627,,,,,,,,0,,0
1890,,157020,635,"7*",,,,4627,,,,,,,,0,,0
1890,,157021,636,"8*",,,,4627,,,,,,,,0,,0
1890,,157023,635,"10*",,,,4627,,,,,,,,0,,0
3805,,5355515,635,"6*",,,,23659,,,,,,,,0,,0
5880,,3844753,634,2,,,,20745,,,,,,,,0,,0
1765,,7521544,635,4,,,,16386,,,,,,,,0,,0
1942,,7500909,635,1,,,,33196,,,,,,,,0,,0
3805,,5355512,635,"1*",,,,23659,,,,,,,,0,,0
1942,,7500908,635,3,,,,33196,,,,,,,,0,,0
3806,,5344406,635,7,,,,23588,,,,,,,,0,,0
3806,,7591201,635,10,,,,23588,,,,,,,,0,,0
3806,,5344427,635,"12*",,,,23589,,,,,,,,0,,0
3807,,7591202,635,9,,,,23590,,,,,,,,0,,0
10081,,7380732,635,18,,,,28707,,,,,,,,0,,0
10081,,7595267,637,5š,,,,28707,,,,,,,,0,,0
1899,,156964,636,"5*",,,,4656,,,,,,,,0,,0
1899,,156965,636,"4*",,,,4656,,,,,,,,0,,0
1899,,156966,635,"3*",,,,4656,,,,,,,,0,,0
10081,,7595271,637,9š,,,,28707,,,,,,,,0,,0
3541,,157064,637,"2š*",,,,9096,,,,,,,,0,,0
3541,,157066,637,"4š*",,,,9096,,,,,,,,0,,0
10081,,7595273,25264,11š,,,,28707,,,,,,,,0,,0
10081,,7595274,637,19š,,,,28707,,,,,,,,0,,0
10081,,7380727,635,"8*",,,,28707,,,,,,,,0,,0
1702,,2324644,635,3,,,,16553,,,,,,,,0,,0
8681,,7561727,635,"3*'",,,,34076,,,,,,,,0,,0
8681,,7561726,635,5,,,,34072,,,,,,,,0,,0
8681,,7561718,635,"1*''",,,,34073,,,,,,,,0,,0
8681,,7561719,634,"1'",,,,34074,,,,,,,,0,,0
8681,,7561720,636,"1*",,,,34075,,,,,,,,0,,0
8681,,7561721,634,"3*",,,,34075,,,,,,,,0,,0
8681,,7561723,634,"2*'",,,,34076,,,,,,,,0,,0
8681,,7561724,635,"1*'",,,,34076,,,,,,,,0,,0
1818,,7561710,635,"1*",,,,34071,,,,,,,,0,,0
1818,,7561711,635,"3*",,,,34071,,,,,,,,0,,0
1818,,7561712,635,"2*",,,,34071,,,,,,,,0,,0
1818,,7561713,635,"5*",,,,34071,,,,,,,,0,,0
1818,,7561714,635,"6*",,,,34071,,,,,,,,0,,0
2708,,7340082,44029,"3*",,,,28471,,,,,,,,0,,0
8681,,7561725,635,4,,,,34072,,,,,,,,0,,0
8681,,7561729,636,"4*'",,,,34076,,,,,,,,0,,0
1843,,7433836,634,3,,,,29698,,,,,,,,0,,0
1843,,7433843,634,"2*",,,,29699,,,,,,,,0,,0
1843,,7433840,634,7,,,,29698,,,,,,,,0,,0
1843,,7433834,635,1,,,,29698,,,,,,,,0,,0
2026,,57818,635,1,,,,5060,,,,,,,,0,,0
1843,,7433835,634,2,,,,29698,,,,,,,,0,,0
1843,,7433837,634,4,,,,29698,,,,,,,,0,,0
1843,,7433841,635,8,,,,29698,,,,,,,,0,,0
1843,,7433846,634,"5*",,,,29699,,,,,,,,0,,0
2026,,57825,635,"1*",,,,5062,,,,,,,,0,,0
1843,,7433848,634,"7*",,,,29699,,,,,,,,0,,0
1843,,7433849,635,"8*",,,,29699,,,,,,,,0,,0
3781,,7500835,635,1M,,,,33191,,,,,,,,0,,0
3781,,7500836,635,1M,,,,33191,,,,,,,,0,,0
3781,,7500839,635,1,,,,33192,,,,,,,,0,,0
3781,,7500843,637,3,,,,33192,,,,,,,,0,,0
3781,,7500847,638,3,,,,33192,,,,,,,,0,,0
3781,,7500850,636,5,,,,33192,,,,,,,,0,,0
3781,,7500867,635,8,,,,33192,,,,,,,,0,,0
3781,,7500869,2683,"4*",,,,33193,,,,,,,,0,,0
3781,,7500871,635,14,,,,33193,,,,,,,,0,,0
3781,,7500878,638,"2*",,,,33193,,,,,,,,0,,0
3781,,7500888,638,"6*",,,,33193,,,,,,,,0,,0
3781,,7500889,635,14,,,,33193,,,,,,,,0,,0
3643,,5787314,635,"5*",,,,24315,,,,,,,,0,,0
3643,,5787310,634,5,,,,24316,,,,,,,,0,,0
1702,,2324639,635,"3*",,,,16552,,,,,,,,0,,0
1702,,3779667,635,"9*",,,,16552,,,,,,,,0,,0
3582,,181697,635,"4*",,,,9323,,,,,,,,0,,0
3582,,181698,636,"2*",,,,9323,,,,,,,,0,,0
3641,,181702,634,"1*",,,,9325,,,,,,,,0,,0
3641,,181703,636,"2*",,,,9325,,,,,,,,0,,0
1761,,2324720,636,"2*",,,,16560,,,,,,,,0,,0
1702,,2324645,635,4,,,,16553,,,,,,,,0,,0
1939,,247254,2912,1,,,,4766,,,,,,,,0,,0
2709,,2389756,634,"1*",,,,16786,,,,,,,,0,,0
2709,,2389757,635,1,,,,16787,,,,,,,,0,,0
2709,,2389758,636,2,,,,16787,,,,,,,,0,,0
2709,,2389759,634,3,,,,16787,,,,,,,,0,,0
3785,,311299,635,1,,,,9932,,,,,,,,0,,0
1702,,2324649,636,6,,,,16553,,,,,,,,0,,0
1702,,2324647,635,1,,,,16553,,,,,,,,0,,0
2024,,57807,635,"4*",,,,5059,,,,,,,,0,,0
2023,,57671,635,2,,,,5056,,,,,,,,0,,0
2022,,57564,637,5,,,,5054,,,,,,,,0,,0
1765,,2311496,636,1,,,,16386,,,,,,,,0,,0
3784,,5355446,635,1,,,,23650,,,,,,,,0,,0
3784,,5355449,635,"2*",,,,23651,,,,,,,,0,,0
3786,,5355467,634,"4*",,,,23653,,,,,,,,0,,0
3786,,5355468,2683,"7*",,,,23653,,,,,,,,0,,0
3789,,5355502,635,5,,,,23657,,,,,,,,0,,0
3807,,7340088,637,10,,,,23590,,,,,,,,0,,0
1076,,43045,482,8,,,,2695,,,,,,,,0,,0
1076,,43075,482,"7*",,,,2696,,,,,,,,0,,0
1076,,43053,482,15,,,,2695,,,,,,,,0,,0
1076,,43076,482,"8*",,,,2696,,,,,,,,0,,0
1839,,58076,635,1,,,,4507,,,,,,,,0,,0
1076,,43003,482,2,,,,2695,,,,,,,,0,,0
1076,,43090,483,"10*",,,,2712,,,,,,,,0,,0
1076,,43030,482,5,,,,2695,,,,,,,,0,,0
1076,,43049,482,13,,,,2695,,,,,,,,0,,0
1076,,43065,482,4,,,,2700,,,,,,,,0,,0
1076,,43059,483,10,,,,2714,,,,,,,,0,,0
1076,,43080,482,"12*",,,,2696,,,,,,,,0,,0
1076,,43081,482,"13*",,,,2696,,,,,,,,0,,0
1076,,43083,482,"14*",,,,2696,,,,,,,,0,,0
1076,,43085,482,"2*",,,,2717,,,,,,,,0,,0
2021,,1042434,634,5,,,,12978,,,,,,,,0,,0
2022,,57561,635,3,,,,5054,,,,,,,,0,,0
2024,,57773,635,4,,,,5058,,,,,,,,0,,0
2024,,57809,2939,"2*",,,,5059,,,,,,,,0,,0
1076,,43070,483,"1*",,,,2696,,,,,,,,0,,0
1076,,43088,483,"3*",,,,2712,,,,,,,,0,,0
1076,,43086,482,"4*",,,,2717,,,,,,,,0,,0
1076,,43035,482,6,,,,2695,,,,,,,,0,,0
1076,,43036,482,7,,,,2695,,,,,,,,0,,0
1076,,43046,482,12,,,,2695,,,,,,,,0,,0
1076,,43079,482,"11*",,,,2696,,,,,,,,0,,0
1076,,43084,482,"15*",,,,2696,,,,,,,,0,,0
1076,,43089,482,"9*",,,,2712,,,,,,,,0,,0
3804,,3872384,635,26,,,,20762,,,,,,,,0,,0
1076,,43001,483,1,,,,2695,,,,,,,,0,,0
1076,,43052,482,14,,,,2695,,,,,,,,0,,0
1076,,43055,482,9,,,,2714,,,,,,,,0,,0
1076,,43061,482,11,,,,2714,,,,,,,,0,,0
1076,,43063,483,3,,,,2700,,,,,,,,0,,0
1076,,43074,482,"6*",,,,2696,,,,,,,,0,,0
1076,,43072,482,"5*",,,,2696,,,,,,,,0,,0
2714,,56871,2683,"1*",,,,7051,,,,,,,,0,,0
2024,,57772,635,3,,,,5058,,,,,,,,0,,0
2024,,57774,635,5,,,,5058,,,,,,,,0,,0
2024,,57775,2939,6,,,,5058,,,,,,,,0,,0
1839,,58080,636,4,,,,4507,,,,,,,,0,,0
1839,,58077,635,3,,,,4507,,,,,,,,0,,0
1839,,58078,635,5,,,,4507,,,,,,,,0,,0
1839,,58083,635,"1*",,,,4508,,,,,,,,0,,0
2005,,57378,638,2,,,,5007,,,,,,,,0,,0
2005,,57379,636,3,,,,5007,,,,,,,,0,,0
2005,,57381,636,5,,,,5007,,,,,,,,0,,0
2022,,57559,2912,2,,,,5054,,,,,,,,0,,0
3783,,247390,635,1,,,,9929,,,,,,,,0,,0
3783,,247392,635,"1*",,,,9930,,,,,,,,0,,0
1834,,58064,635,"1*",,,,4496,,,,,,,,0,,0
1834,,58066,636,"3*",,,,4496,,,,,,,,0,,0
1834,,58067,636,"2*",,,,4496,,,,,,,,0,,0
1836,,58070,635,1,,,,4500,,,,,,,,0,,0
1839,,58085,635,"8*",,,,4508,,,,,,,,0,,0
1839,,58088,638,"5*",,,,4508,,,,,,,,0,,0
1839,,58089,637,"4*",,,,4508,,,,,,,,0,,0
1839,,58090,635,"3*",,,,4508,,,,,,,,0,,0
1839,,58091,634,"2*",,,,4508,,,,,,,,0,,0
3789,,5355493,2683,"4*",,,,23656,,,,,,,,0,,0
3805,,5355504,638,7,,,,23658,,,,,,,,0,,0
3789,,5355500,637,3,,,,23657,,,,,,,,0,,0
3805,,5355506,637,4,,,,23658,,,,,,,,0,,0
3805,,5355508,635,5,,,,23658,,,,,,,,0,,0
3805,,5355509,637,"4*",,,,23659,,,,,,,,0,,0
3805,,5355511,638,"5*",,,,23659,,,,,,,,0,,0
3805,,5355513,635,"3*",,,,23659,,,,,,,,0,,0
3805,,5355514,635,"2*",,,,23659,,,,,,,,0,,0
1939,,247255,2912,"1*",,,,4767,,,,,,,,0,,0
1177,,2380443,635,"1*",,,,16760,,,,,,,,0,,0
1744,,7150825,635,"2*",,,,26088,,,,,,,,0,,0
3807,,5344445,2912,"9*",,,,23591,,,,,,,,0,,0
3807,,5344447,635,8,,,,23590,,,,,,,,0,,0
3582,,181694,634,2,,,,9142,,,,,,,,0,,0
1818,,7561703,635,4,,,,34070,,,,,,,,0,,0
1744,,7150828,635,"3*",,,,26088,,,,,,,,0,,0
2720,,56998,2683,"2*",,,,7070,,,,,,,,0,,0
2724,,57055,635,1,,,,7081,,,,,,,,0,,0
2730,,57058,635,1,,,,7093,,,,,,,,0,,0
2730,,57060,635,2,,,,7093,,,,,,,,0,,0
3787,,5355481,635,7,,,,23654,,,,,,,,0,,0
3787,,5355482,2683,8,,,,23654,,,,,,,,0,,0
3807,,5344428,635,1,,,,23590,,,,,,,,0,,0
3807,,5344429,636,3,,,,23590,,,,,,,,0,,0
3807,,5344430,635,4,,,,23590,,,,,,,,0,,0
3807,,5344432,635,2,,,,23590,,,,,,,,0,,0
3807,,5344433,25264,7,,,,23590,,,,,,,,0,,0
3807,,5344434,634,5,,,,23590,,,,,,,,0,,0
3582,,181696,635,"1*",,,,9323,,,,,,,,0,,0
2729,,181733,635,1,,,,7091,,,,,,,,0,,0
1744,,7150849,635,2,,,,26089,,,,,,,,0,,0
1744,,7150850,635,3,,,,26089,,,,,,,,0,,0
2714,,56873,2683,"2*",,,,7051,,,,,,,,0,,0
2716,,56901,2683,1,,,,7059,,,,,,,,0,,0
3806,,5344423,635,"6*",,,,23589,,,,,,,,0,,0
2724,,57056,635,2,,,,7081,,,,,,,,0,,0
2730,,57062,635,"2*",,,,7094,,,,,,,,0,,0
2005,,57389,635,"1*",,,,5008,,,,,,,,0,,0
2730,,57064,634,3,,,,7093,,,,,,,,0,,0
2730,,57067,634,"3*",,,,7094,,,,,,,,0,,0
2730,,57069,636,"4*",,,,7094,,,,,,,,0,,0
2720,,965622,2683,"1**",,,,12620,,,,,,,,0,,0
2714,,56866,2683,2,,,,7049,,,,,,,,0,,0
2720,,56997,2683,"1*",,,,7070,,,,,,,,0,,0
2724,,57052,635,"1*",,,,7082,,,,,,,,0,,0
2022,,57567,634,"1*",,,,5055,,,,,,,,0,,0
2022,,57558,637,1,,,,5054,,,,,,,,0,,0
2022,,57563,636,4,,,,5054,,,,,,,,0,,0
2022,,57570,635,"3*",,,,5055,,,,,,,,0,,0
2022,,57571,636,"2*",,,,5055,,,,,,,,0,,0
2024,,57776,635,7,,,,5058,,,,,,,,0,,0
2024,,57778,634,"1*",,,,5059,,,,,,,,0,,0
2026,,57819,637,3,,,,5060,,,,,,,,0,,0
2026,,57820,634,4,,,,5060,,,,,,,,0,,0
2026,,57847,635,"3*",,,,5062,,,,,,,,0,,0
1834,,58055,635,1,,,,4495,,,,,,,,0,,0
1834,,58059,637,2,,,,4495,,,,,,,,0,,0
1834,,58060,638,3,,,,4495,,,,,,,,0,,0
1834,,58061,636,4,,,,4495,,,,,,,,0,,0
2024,,3760396,635,"8*",,,,5059,,,,,,,,0,,0
1944,,3729866,635,2,,,,16908,,,,,,,,0,,0
1944,,3729867,635,3,,,,16908,,,,,,,,0,,0
1944,,3729868,635,4,,,,16908,,,,,,,,0,,0
1890,,157009,634,4,,,,4626,,,,,,,,0,,0
2714,,56863,2683,1,,,,7049,,,,,,,,0,,0
2730,,57061,635,"1*",,,,7094,,,,,,,,0,,0
2730,,57066,636,4,,,,7093,,,,,,,,0,,0
2005,,57396,636,"5*",,,,5008,,,,,,,,0,,0
2005,,57397,635,"4*",,,,5008,,,,,,,,0,,0
2005,,57376,635,4,,,,5007,,,,,,,,0,,0
2005,,57398,636,"3*",,,,5008,,,,,,,,0,,0
2005,,57399,638,"2*",,,,5008,,,,,,,,0,,0
2027,,57811,2683,1,,,,5063,,,,,,,,0,,0
1839,,58075,635,2,,,,4507,,,,,,,,0,,0
2005,,57372,635,1,,,,5007,,,,,,,,0,,0
8681,,7561715,634,2,,,,34072,,,,,,,,0,,0
3582,,181699,635,"3*",,,,9323,,,,,,,,0,,0
1818,,7561704,635,5,,,,34070,,,,,,,,0,,0
1818,,7561705,635,2,,,,34070,,,,,,,,0,,0
8681,,7561716,634,3,,,,34072,,,,,,,,0,,0
2026,,57848,637,"2*",,,,5062,,,,,,,,0,,0
2024,,57808,635,"3*",,,,5059,,,,,,,,0,,0
2024,,57806,635,"5*",,,,5059,,,,,,,,0,,0
2024,,57805,2939,"6*",,,,5059,,,,,,,,0,,0
2023,,57768,635,"2*",,,,5057,,,,,,,,0,,0
1177,,2380440,635,1,,,,16761,,,,,,,,0,,0
1177,,2380444,635,"2*",,,,16760,,,,,,,,0,,0
1765,,2311516,635,"1*",,,,16385,,,,,,,,0,,0
3644,,5761518,635,"1*",,,,24288,,,,,,,,0,,0
1765,,2311521,636,"5*",,,,16385,,,,,,,,0,,0
3806,,7340089,637,25,,,,23588,,,,,,,,0,,0
2020,,1042429,635,"1*",,,,12977,,,,,,,,0,,0
3806,,5344420,636,"5*",,,,23589,,,,,,,,0,,0
1844,,7150811,635,"1*",,,,26084,,,,,,,,0,,0
1844,,7150813,635,1_,,,,26086,,,,,,,,0,,0
1844,,7150815,635,"1_*",,,,26087,,,,,,,,0,,0
3783,,247391,635,2,,,,9929,,,,,,,,0,,0
2708,,7340081,636,"2*",,,,28471,,,,,,,,0,,0
2708,,7340083,635,"1*",,,,28471,,,,,,,,0,,0
2708,,7340084,635,"1*",,,,28471,,,,,,,,0,,0
2717,,5355443,636,12,,,,23649,,,,,,,,0,,0
2026,,7150887,635,6,,,,5060,,,,,,,,0,,0
3784,,5355448,635,"1*",,,,23651,,,,,,,,0,,0
3806,,5344405,635,1,,,,23588,,,,,,,,0,,0
3802,,311278,635,"1*",,,,10044,,,,,,,,0,,0
3788,,311288,635,1,,,,9938,,,,,,,,0,,0
3785,,311300,635,2,,,,9932,,,,,,,,0,,0
3785,,311301,635,3,,,,9932,,,,,,,,0,,0
3785,,311302,635,"1*",,,,9933,,,,,,,,0,,0
3785,,311304,635,"3*",,,,9933,,,,,,,,0,,0
3785,,311305,635,"4*",,,,9933,,,,,,,,0,,0
3783,,247393,635,"2*",,,,9930,,,,,,,,0,,0
1831,,7521618,635,"3*",,,,33426,,,,,,,,0,,0
1831,,7521619,635,"1*",,,,33426,,,,,,,,0,,0
3582,,181693,635,1,,,,9142,,,,,,,,0,,0
1831,,7521620,636,"7*",,,,33426,,,,,,,,0,,0
1831,,7521623,635,"9*",,,,33426,,,,,,,,0,,0
1831,,7521624,635,2,,,,33427,,,,,,,,0,,0
1831,,7521625,636,9,,,,33427,,,,,,,,0,,0
1831,,7521626,634,5,,,,33427,,,,,,,,0,,0
1831,,7521627,635,4,,,,33427,,,,,,,,0,,0
1831,,7521628,634,1,,,,33427,,,,,,,,0,,0
1831,,7521631,635,7,,,,33427,,,,,,,,0,,0
1831,,7521632,634,8,,,,33427,,,,,,,,0,,0
1831,,7521633,635,6,,,,33427,,,,,,,,0,,0
1765,,2311520,635,"4*",,,,16385,,,,,,,,0,,0
1836,,58072,635,"1*",,,,4501,,,,,,,,0,,0
3788,,311289,635,"1*",,,,9939,,,,,,,,0,,0
3788,,311290,635,"2*",,,,9939,,,,,,,,0,,0
2717,,5355423,635,"4*",,,,23648,,,,,,,,0,,0
3582,,181695,635,3,,,,9142,,,,,,,,0,,0
1177,,2380442,635,3,,,,16761,,,,,,,,0,,0
3787,,5355474,2683,4,,,,23654,,,,,,,,0,,0
3787,,5355488,2683,"4*",,,,23655,,,,,,,,0,,0
1702,,2324701,635,"8*",,,,16552,,,,,,,,0,,0
1817,,57980,634,2,,,,4386,,,,,,,,0,,0
2022,,7150712,635,6,,,,5054,,,,,,,,0,,0
1817,,57982,634,"3*",,,,4387,,,,,,,,0,,0
1765,,2311523,636,"7*",,,,16385,,,,,,,,0,,0
8681,,7561717,634,1,,,,34072,,,,,,,,0,,0
3802,,311277,635,1,,,,10043,,,,,,,,0,,0
3784,,5355445,635,2,,,,23650,,,,,,,,0,,0
3786,,7440501,2683,"3M*",,,,23653,,,,,,,,0,,0
3806,,7340091,637,"13*",,,,23589,,,,,,,,0,,0
3804,,3846111,637,12š,,,,20762,,,,,,,,0,,0
3804,,3846112,635,12,,,,20762,,,,,,,,0,,0
3804,,3846113,635,18,,,,20762,,,,,,,,0,,0
3804,,3846114,635,22,,,,20762,,,,,,,,0,,0
3804,,3846115,637,11š,,,,20762,,,,,,,,0,,0
3804,,3846116,637,15š,,,,20762,,,,,,,,0,,0
3804,,3846117,635,11,,,,20762,,,,,,,,0,,0
3804,,3846118,635,1,,,,20762,,,,,,,,0,,0
3804,,3846119,637,7š,,,,20762,,,,,,,,0,,0
3804,,3846120,637,8š,,,,20762,,,,,,,,0,,0
2028,,1042443,2683,"1*",,,,12981,,,,,,,,0,,0
3787,,5355485,635,"3*",,,,23655,,,,,,,,0,,0
3787,,5355487,635,"5*",,,,23655,,,,,,,,0,,0
3787,,7417945,635,"11*",,,,23655,,,,,,,,0,,0
1817,,2305780,636,3,,,,4386,,,,,,,,0,,0
1087,,7442703,635,"3*",,,,30056,,,,,,,,0,,0
1087,,7442704,635,"1*",,,,30056,,,,,,,,0,,0
1087,,7442705,635,"6*",,,,30056,,,,,,,,0,,0
1087,,7442706,635,"2*",,,,30056,,,,,,,,0,,0
1087,,7442707,635,"4*",,,,30056,,,,,,,,0,,0
1087,,7442708,635,"5*",,,,30056,,,,,,,,0,,0
1087,,7442709,635,1,,,,30057,,,,,,,,0,,0
1087,,7442710,635,5,,,,30057,,,,,,,,0,,0
1087,,7442711,635,2,,,,30057,,,,,,,,0,,0
1087,,7442712,635,3,,,,30057,,,,,,,,0,,0
1087,,7442714,635,4,,,,30057,,,,,,,,0,,0
1944,,3729865,635,1,,,,16908,,,,,,,,0,,0
3804,,3846121,637,5š,,,,20762,,,,,,,,0,,0
3804,,3846122,637,10š,,,,20762,,,,,,,,0,,0
3804,,3846123,637,13š,,,,20762,,,,,,,,0,,0
3804,,3846124,637,14š,,,,20762,,,,,,,,0,,0
3804,,3846125,635,5,,,,20762,,,,,,,,0,,0
3804,,3846126,635,7,,,,20762,,,,,,,,0,,0
3804,,3846127,635,14,,,,20762,,,,,,,,0,,0
3804,,3846128,635,9,,,,20762,,,,,,,,0,,0
3804,,3846129,635,15,,,,20762,,,,,,,,0,,0
3804,,3846130,635,16,,,,20762,,,,,,,,0,,0
1176,,4592381,634,"11*",,,,22229,,,,,,,,0,,0
3644,,5761519,634,"3*",,,,24288,,,,,,,,0,,0
3644,,5761520,636,"2*",,,,24288,,,,,,,,0,,0
1890,,157019,634,"6*",,,,4627,,,,,,,,0,,0
3643,,5787313,636,4,,,,24316,,,,,,,,0,,0
1176,,4592371,634,"3*",,,,22229,,,,,,,,0,,0
1176,,4592372,635,"1*",,,,22229,,,,,,,,0,,0
1176,,4592373,635,"2*",,,,22229,,,,,,,,0,,0
1176,,4592374,635,"8*",,,,22229,,,,,,,,0,,0
1176,,4592375,635,"7*",,,,22229,,,,,,,,0,,0
1176,,4592376,634,"6*",,,,22229,,,,,,,,0,,0
3804,,3872369,635,25,,,,20762,,,,,,,,0,,0
1176,,4592377,634,"5*",,,,22229,,,,,,,,0,,0
1176,,4592378,635,"4*",,,,22229,,,,,,,,0,,0
1176,,4592379,636,"9*",,,,22229,,,,,,,,0,,0
1176,,4592380,634,"10*",,,,22229,,,,,,,,0,,0
3644,,5761522,636,1,,,,24289,,,,,,,,0,,0
3644,,5761523,635,2,,,,24289,,,,,,,,0,,0
3644,,5761524,634,3,,,,24289,,,,,,,,0,,0
3804,,3846131,635,17,,,,20762,,,,,,,,0,,0
3804,,3846132,638,11s,,,,20762,,,,,,,,0,,0
3804,,3846133,635,"1*",,,,20763,,,,,,,,0,,0
6101,,2515703,635,6,,,,17133,,,,,,,,0,,0
3804,,3846153,635,"2*",,,,20763,,,,,,,,0,,0
1174,,1010516,639,"2*",,,,12817,,,,,,,,0,,0
2023,,2317379,634,"3*",,,,16465,,,,,,,,0,,0
1834,,58062,635,5,,,,4495,,,,,,,,0,,0
2023,,1042441,635,"1*",,,,5057,,,,,,,,0,,0
1818,,7561707,635,1,,,,34070,,,,,,,,0,,0
2717,,5355436,635,9,,,,23649,,,,,,,,0,,0
2717,,5355424,635,"1*",,,,23648,,,,,,,,0,,0
3786,,5355452,2912,10,,,,23652,,,,,,,,0,,0
3789,,5355499,635,1,,,,23657,,,,,,,,0,,0
3789,,5355495,2683,"2*",,,,23656,,,,,,,,0,,0
3806,,5344416,635,3,,,,23588,,,,,,,,0,,0
3806,,5344417,635,5,,,,23588,,,,,,,,0,,0
3806,,5344412,635,8,,,,23588,,,,,,,,0,,0
3806,,5344410,635,9,,,,23588,,,,,,,,0,,0
3806,,5344426,635,"1*",,,,23589,,,,,,,,0,,0
3806,,5344425,636,"8*",,,,23589,,,,,,,,0,,0
1817,,2749969,635,"2*",,,,4387,,,,,,,,0,,0
3804,,3872411,635,20,,,,20762,,,,,,,,0,,0
2717,,5355435,635,7,,,,23649,,,,,,,,0,,0
3786,,5355454,2683,8,,,,23652,,,,,,,,0,,0
3786,,5355462,635,"2*",,,,23653,,,,,,,,0,,0
3786,,5355466,634,"6*",,,,23653,,,,,,,,0,,0
3806,,5344411,636,4,,,,23588,,,,,,,,0,,0
3787,,5355489,2683,"7*",,,,23655,,,,,,,,0,,0
3806,,7340092,638,"14*",,,,23589,,,,,,,,0,,0
3643,,5787300,637,"3*",,,,24315,,,,,,,,0,,0
3643,,5787301,634,"4*",,,,24315,,,,,,,,0,,0
3643,,5787302,638,"2*",,,,24315,,,,,,,,0,,0
3643,,5787303,634,2,,,,24316,,,,,,,,0,,0
3643,,5787305,635,3,,,,24316,,,,,,,,0,,0
1174,,1010514,639,2,,,,12816,,,,,,,,0,,0
2023,,3491162,634,3,,,,16466,,,,,,,,0,,0
5931,,5787283,635,"1*",,,,24309,,,,,,,,0,,0
1944,,2427046,635,11,,,,16908,,,,,,,,0,,0
1944,,2427078,635,"12*",,,,16909,,,,,,,,0,,0
1944,,2427080,635,"10*",,,,16909,,,,,,,,0,,0
2023,,1042440,635,1,,,,5056,,,,,,,,0,,0
2717,,5355434,2683,8,,,,23649,,,,,,,,0,,0
2729,,181734,2683,"1*",,,,7092,,,,,,,,0,,0
2717,,5355427,2683,"2*",,,,23648,,,,,,,,0,,0
2717,,5355428,2683,"5*",,,,23648,,,,,,,,0,,0
2717,,5355429,25264,"8*",,,,23648,,,,,,,,0,,0
2717,,5355430,636,"6*",,,,23648,,,,,,,,0,,0
2717,,5355431,635,"7*",,,,23648,,,,,,,,0,,0
2717,,5355432,635,4,,,,23649,,,,,,,,0,,0
2717,,5355433,638,5,,,,23649,,,,,,,,0,,0
2717,,5355437,637,2,,,,23649,,,,,,,,0,,0
2717,,5355438,635,3,,,,23649,,,,,,,,0,,0
2717,,5355439,2683,6,,,,23649,,,,,,,,0,,0
2717,,5355442,635,1,,,,23649,,,,,,,,0,,0
2717,,5355441,635,10,,,,23649,,,,,,,,0,,0
3641,,181700,634,1,,,,9324,,,,,,,,0,,0
3641,,181701,636,2,,,,9324,,,,,,,,0,,0
3804,,3846079,21778,24,,,,20762,,,,,,,,0,,0
1702,,2324643,636,7,,,,16553,,,,,,,,0,,0
2717,,5355426,636,"3*",,,,23648,,,,,,,,0,,0
3789,,5355501,2683,2,,,,23657,,,,,,,,0,,0
3807,,5344431,638,6,,,,23590,,,,,,,,0,,0
3806,,5344414,635,2,,,,23588,,,,,,,,0,,0
3645,,3918608,634,3,,,,20774,,,,,,,,0,,0
3645,,3918609,634,4,,,,20774,,,,,,,,0,,0
3645,,3918610,635,"1*",,,,20775,,,,,,,,0,,0
3645,,3918613,634,"3*",,,,20775,,,,,,,,0,,0
3645,,3918614,634,"4*",,,,20775,,,,,,,,0,,0
2028,,1042442,2683,1,,,,12980,,,,,,,,0,,0
2026,,57812,635,2,,,,5060,,,,,,,,0,,0
1944,,3729869,635,"1*",,,,16909,,,,,,,,0,,0
1818,,7561706,635,3,,,,34070,,,,,,,,0,,0
1900,,156950,635,"1*",,,,4659,,,,,,,,0,,0
3541,,157024,635,1,,,,9096,,,,,,,,0,,0
3541,,157042,635,"5*",,,,9097,,,,,,,,0,,0
3541,,157038,635,"1*",,,,9097,,,,,,,,0,,0
3541,,157044,635,"9*",,,,9097,,,,,,,,0,,0
3541,,157045,635,"8*",,,,9097,,,,,,,,0,,0
3541,,157046,635,"7*",,,,9097,,,,,,,,0,,0
3541,,157047,635,"10*",,,,9097,,,,,,,,0,,0
3541,,157056,637,6š,,,,9097,,,,,,,,0,,0
3541,,157059,637,9š,,,,9097,,,,,,,,0,,0
3541,,157061,637,11š,,,,9097,,,,,,,,0,,0
6024,,2455763,636,"1*",,,,16947,,,,,,,,0,,0
3645,,3918605,634,1,,,,20774,,,,,,,,0,,0
1834,,58065,635,"4*",,,,4496,,,,,,,,0,,0
1839,,2318590,635,"11*",,,,4508,,,,,,,,0,,0
3581,,1010523,635,4,,,,12818,,,,,,,,0,,0
1839,,58081,635,7,,,,4507,,,,,,,,0,,0
6101,,2515700,635,3,,,,17131,,,,,,,,0,,0
6101,,2515701,635,5,,,,17131,,,,,,,,0,,0
1844,,7150812,635,"2*",,,,26084,,,,,,,,0,,0
1844,,7150814,635,2_,,,,26086,,,,,,,,0,,0
1844,,7150816,635,"2_*",,,,26087,,,,,,,,0,,0
3804,,3872409,635,10,,,,20762,,,,,,,,0,,0
1890,,2933098,635,11,,,,4627,,,,,,,,0,,0
1941,,7433948,635,1,,,,29870,,,,,,,,0,,0
1941,,7551268,635,2-,,,,29909,,,,,,,,0,,0
1944,,3729870,635,"2*",,,,16909,,,,,,,,0,,0
2717,,7551266,635,"9*",,,,23648,,,,,,,,0,,0
2026,,3872373,636,5,,,,5060,,,,,,,,0,,0
6101,,2515698,635,4,,,,17130,,,,,,,,0,,0
3804,,3872410,635,28,,,,20762,,,,,,,,0,,0
3789,,5355497,2683,4,,,,23657,,,,,,,,0,,0
3789,,5355494,635,"1*",,,,23656,,,,,,,,0,,0
3789,,5355492,635,"5*",,,,23656,,,,,,,,0,,0
3806,,5344415,636,11,,,,23588,,,,,,,,0,,0
6024,,2455755,636,3,,,,16946,,,,,,,,0,,0
6024,,2455756,636,4,,,,16946,,,,,,,,0,,0
6024,,2455757,636,5,,,,16946,,,,,,,,0,,0
6024,,2455758,636,6,,,,16946,,,,,,,,0,,0
6024,,2455759,636,7,,,,16946,,,,,,,,0,,0
6024,,2455760,636,8,,,,16946,,,,,,,,0,,0
6024,,2455761,636,9,,,,16946,,,,,,,,0,,0
6024,,2455762,636,10,,,,16946,,,,,,,,0,,0
2021,,1042430,635,2,,,,12978,,,,,,,,0,,0
2021,,1042431,635,1,,,,12978,,,,,,,,0,,0
2021,,1042432,636,3,,,,12978,,,,,,,,0,,0
2021,,1042433,634,4,,,,12978,,,,,,,,0,,0
2021,,1042435,635,"1*",,,,12979,,,,,,,,0,,0
2021,,1042436,635,"2*",,,,12979,,,,,,,,0,,0
2021,,1042437,634,"5*",,,,12979,,,,,,,,0,,0
2021,,1042438,634,"4*",,,,12979,,,,,,,,0,,0
2021,,1042439,636,"3*",,,,12979,,,,,,,,0,,0
1944,,3729871,635,"3*",,,,16909,,,,,,,,0,,0
2717,,7551267,635,"10*",,,,23648,,,,,,,,0,,0
1761,,2324721,635,"1*",,,,16560,,,,,,,,0,,0
1839,,3280202,635,10,,,,4507,,,,,,,,0,,0
5880,,3844761,634,"7*",,,,20747,,,,,,,,0,,0
5880,,3844762,634,"6*",,,,20747,,,,,,,,0,,0
5880,,3844763,634,"5*",,,,20747,,,,,,,,0,,0
5880,,3844766,634,"1*",,,,20747,,,,,,,,0,,0
3806,,5344422,635,"3*",,,,23589,,,,,,,,0,,0
3806,,5344418,635,"10*",,,,23589,,,,,,,,0,,0
5931,,5787280,635,"4'",,,,24308,,,,,,,,0,,0
5931,,5787281,634,"3'",,,,24308,,,,,,,,0,,0
5931,,5787282,636,"2'",,,,24308,,,,,,,,0,,0
1177,,2380441,635,2,,,,16761,,,,,,,,0,,0
1702,,2324648,635,2,,,,16553,,,,,,,,0,,0
3786,,5355451,2683,3,,,,23652,,,,,,,,0,,0
3786,,5355453,636,11,,,,23652,,,,,,,,0,,0
3786,,5355455,635,9,,,,23652,,,,,,,,0,,0
6024,,2455764,636,"9*",,,,16947,,,,,,,,0,,0
6024,,2455765,636,"8*",,,,16947,,,,,,,,0,,0
6024,,2455766,636,"7*",,,,16947,,,,,,,,0,,0
6024,,2455767,636,"6*",,,,16947,,,,,,,,0,,0
6024,,2455768,636,"5*",,,,16947,,,,,,,,0,,0
6024,,2455769,636,"4*",,,,16947,,,,,,,,0,,0
6024,,2455770,636,"3*",,,,16947,,,,,,,,0,,0
6024,,2455771,636,"2*",,,,16947,,,,,,,,0,,0
6024,,2455772,636,"10*",,,,16947,,,,,,,,0,,0
2719,,2389773,638,1,,,,16793,,,,,,,,0,,0
2719,,2389774,638,"1*",,,,16794,,,,,,,,0,,0
1839,,3280201,636,9,,,,4507,,,,,,,,0,,0
5880,,3844768,634,"9*",,,,20747,,,,,,,,0,,0
5880,,3844769,635,"8*",,,,20747,,,,,,,,0,,0
5880,,3844770,634,"10*",,,,20747,,,,,,,,0,,0
3806,,5344424,635,"9*",,,,23589,,,,,,,,0,,0
5880,,3844752,634,9,,,,20745,,,,,,,,0,,0
1765,,3305857,635,2,,,,16386,,,,,,,,0,,0
2026,,3872374,636,"4*",,,,5062,,,,,,,,0,,0
1174,,1010515,639,"1*",,,,12817,,,,,,,,0,,0
3786,,5355456,635,1,,,,23652,,,,,,,,0,,0
3786,,5355457,634,5,,,,23652,,,,,,,,0,,0
3786,,5355458,636,4,,,,23652,,,,,,,,0,,0
3786,,5355459,634,7,,,,23652,,,,,,,,0,,0
3786,,5355460,635,6,,,,23652,,,,,,,,0,,0
3786,,5355461,2683,"1*",,,,23653,,,,,,,,0,,0
3786,,5355463,634,"9*",,,,23653,,,,,,,,0,,0
3786,,5355464,636,"12*",,,,23653,,,,,,,,0,,0
3787,,5355472,2683,2,,,,23654,,,,,,,,0,,0
3786,,5355469,635,"5*",,,,23653,,,,,,,,0,,0
3787,,5355473,636,3,,,,23654,,,,,,,,0,,0
3786,,5355471,635,"8*",,,,23653,,,,,,,,0,,0
3787,,5355476,2683,"1*",,,,23655,,,,,,,,0,,0
3787,,5355478,2683,"2*",,,,23655,,,,,,,,0,,0
1702,,2324646,636,5,,,,16553,,,,,,,,0,,0
1177,,2380445,635,"3*",,,,16760,,,,,,,,0,,0
3787,,5355483,2683,9,,,,23654,,,,,,,,0,,0
2024,,3760395,2939,1,,,,5058,,,,,,,,0,,0
3582,,3368273,22845,"5*",,,,9323,,,,,,,,0,,0
3806,,7340090,637,"11*",,,,23589,,,,,,,,0,,0
3804,,3846080,635,3,,,,20762,,,,,,,,0,,0
3804,,3846081,637,3š,,,,20762,,,,,,,,0,,0
3804,,3846082,638,12s,,,,20762,,,,,,,,0,,0
3804,,3846084,635,8,,,,20762,,,,,,,,0,,0
1818,,7561709,635,"4*",,,,34071,,,,,,,,0,,0
3804,,3846086,636,8s,,,,20762,,,,,,,,0,,0
3804,,3846088,635,21,,,,20762,,,,,,,,0,,0
3804,,3846090,635,13,,,,20762,,,,,,,,0,,0
3804,,3846091,635,23,,,,20762,,,,,,,,0,,0
3804,,3846094,637,4š,,,,20762,,,,,,,,0,,0
3804,,3846095,638,"8 s",,,,20762,,,,,,,,0,,0
3804,,3846096,638,10s,,,,20762,,,,,,,,0,,0
3804,,3846097,635,4,,,,20762,,,,,,,,0,,0
3804,,3846098,637,6š,,,,20762,,,,,,,,0,,0
3804,,3846099,637,9š,,,,20762,,,,,,,,0,,0
3804,,3846100,638,2s,,,,20762,,,,,,,,0,,0
3804,,3846102,638,3s,,,,20762,,,,,,,,0,,0
3804,,3846103,638,4s,,,,20762,,,,,,,,0,,0
3804,,3846104,638,5s,,,,20762,,,,,,,,0,,0
3804,,3846105,638,6s,,,,20762,,,,,,,,0,,0
3804,,3846106,638,9s,,,,20762,,,,,,,,0,,0
3804,,3846107,638,7s,,,,20762,,,,,,,,0,,0
3804,,3846108,637,2š,,,,20762,,,,,,,,0,,0
3804,,3846109,635,2,,,,20762,,,,,,,,0,,0
3804,,3846110,635,6,,,,20762,,,,,,,,0,,0
4722,,5313960,634,7,,,,23552,,,,,,,,0,,0
4722,,5313962,634,13,,,,23553,,,,,,,,0,,0
4722,,5313963,635,1,,,,23553,,,,,,,,0,,0
4722,,5313964,634,10,,,,23553,,,,,,,,0,,0
4722,,5313967,634,16,,,,23553,,,,,,,,0,,0
4722,,5313968,634,2,,,,23553,,,,,,,,0,,0
4722,,5313969,634,17,,,,23553,,,,,,,,0,,0
4722,,5313970,635,3,,,,23553,,,,,,,,0,,0
4722,,5313971,634,4,,,,23553,,,,,,,,0,,0
4722,,5313972,634,5,,,,23553,,,,,,,,0,,0
4722,,5313973,635,6,,,,23553,,,,,,,,0,,0
4722,,5313974,634,"9*",,,,23554,,,,,,,,0,,0
4722,,5313975,634,"6*",,,,23554,,,,,,,,0,,0
4722,,5313976,635,"5*",,,,23554,,,,,,,,0,,0
4722,,5313977,634,"10*",,,,23554,,,,,,,,0,,0
4722,,5313978,635,"1*",,,,23554,,,,,,,,0,,0
4722,,5313979,634,"11*",,,,23554,,,,,,,,0,,0
4722,,5313980,634,"12*",,,,23554,,,,,,,,0,,0
4722,,5313981,634,"6*",,,,23554,,,,,,,,0,,0
4722,,5313982,635,"8*",,,,23554,,,,,,,,0,,0
4722,,5313983,634,"7*",,,,23554,,,,,,,,0,,0
4722,,5313984,634,"13*",,,,23554,,,,,,,,0,,0
4722,,5313985,635,"16*",,,,23554,,,,,,,,0,,0
4722,,5313986,634,"18*",,,,23554,,,,,,,,0,,0
4722,,5313987,634,"14*",,,,23554,,,,,,,,0,,0
3643,,5787299,634,"1*",,,,24315,,,,,,,,0,,0
10081,,7440498,635,7d,,,,28707,,,,,,,,0,,0
1176,,4592382,634,"12*",,,,22229,,,,,,,,0,,0
10081,,7380753,25264,14š,,,,28707,,,,,,,,0,,0
10081,,7380721,635,6,,,,28707,,,,,,,,0,,0
10081,,7380722,635,8,,,,28707,,,,,,,,0,,0
10081,,7380723,635,12,,,,28707,,,,,,,,0,,0
10081,,7380724,635,10,,,,28707,,,,,,,,0,,0
10081,,7380725,635,9,,,,28707,,,,,,,,0,,0
10081,,7380726,635,11,,,,28707,,,,,,,,0,,0
10081,,7380782,635,"14*",,,,28708,,,,,,,,0,,0
10081,,7380783,635,"15*",,,,28708,,,,,,,,0,,0
10081,,7380784,635,"16*",,,,28708,,,,,,,,0,,0
10081,,7380785,637,"3š*",,,,28708,,,,,,,,0,,0
10081,,7380786,637,"8š*",,,,28708,,,,,,,,0,,0
10081,,7380787,638,"5s*",,,,28708,,,,,,,,0,,0
1831,,7521616,635,"4*",,,,33426,,,,,,,,0,,0
10081,,7380756,25264,4š,,,,28707,,,,,,,,0,,0
10081,,7380729,635,2,,,,28707,,,,,,,,0,,0
10081,,7380730,635,7,,,,28707,,,,,,,,0,,0
10081,,7380764,635,"3*",,,,28708,,,,,,,,0,,0
10081,,7380788,635,"2*",,,,28708,,,,,,,,0,,0
10081,,7380789,635,"5*",,,,28708,,,,,,,,0,,0
10081,,7380790,635,"7*",,,,28708,,,,,,,,0,,0
10081,,7380733,635,16,,,,28707,,,,,,,,0,,0
10081,,7380734,635,14,,,,28707,,,,,,,,0,,0
10081,,7380735,635,15,,,,28707,,,,,,,,0,,0
10081,,7380736,635,13,,,,28707,,,,,,,,0,,0
10081,,7380737,635,20,,,,28707,,,,,,,,0,,0
10081,,7380791,635,"8*",,,,28708,,,,,,,,0,,0
10081,,7380792,635,"9*",,,,28708,,,,,,,,0,,0
10081,,7380793,635,"13*",,,,28708,,,,,,,,0,,0
5880,,3844751,634,1,,,,20745,,,,,,,,0,,0
10081,,7380794,25264,"5š*",,,,28708,,,,,,,,0,,0
10081,,7380795,637,"6š*",,,,28708,,,,,,,,0,,0
10081,,7380796,638,"4s*",,,,28708,,,,,,,,0,,0
10081,,7380797,637,"1š*",,,,28708,,,,,,,,0,,0
10081,,7380798,637,"2š*",,,,28708,,,,,,,,0,,0
1839,,3305661,635,"7*",,,,4508,,,,,,,,0,,0
5880,,3844748,634,8,,,,20743,,,,,,,,0,,0
10081,,7380765,635,"4*",,,,28708,,,,,,,,0,,0
10081,,7380766,637,"7š*",,,,28708,,,,,,,,0,,0
10081,,7380767,637,"10š*",,,,28708,,,,,,,,0,,0
10081,,7380768,638,"2s*",,,,28708,,,,,,,,0,,0
10081,,7380769,638,"6s*",,,,28708,,,,,,,,0,,0
10081,,7380770,638,"3s*",,,,28708,,,,,,,,0,,0
1831,,7521617,635,"6*",,,,33426,,,,,,,,0,,0
10081,,7380738,635,22,,,,28707,,,,,,,,0,,0
10081,,7380739,638,1s,,,,28707,,,,,,,,0,,0
10081,,7380740,635,21,,,,28707,,,,,,,,0,,0
10081,,7380741,638,2s,,,,28707,,,,,,,,0,,0
10081,,7380742,638,6s,,,,28707,,,,,,,,0,,0
10081,,7380743,638,4s,,,,28707,,,,,,,,0,,0
10081,,7380771,638,"7s*",,,,28708,,,,,,,,0,,0
10081,,7380772,635,"1*",,,,28708,,,,,,,,0,,0
3582,,3368272,22845,4,,,,9142,,,,,,,,0,,0
10081,,7380773,635,"6*",,,,28708,,,,,,,,0,,0
10081,,7380745,638,3s,,,,28707,,,,,,,,0,,0
10081,,7380747,638,5s,,,,28707,,,,,,,,0,,0
10081,,7380748,638,9s,,,,28707,,,,,,,,0,,0
10081,,7380774,635,"11*",,,,28708,,,,,,,,0,,0
10081,,7380775,635,"12*",,,,28708,,,,,,,,0,,0
10081,,7380776,637,"4š*",,,,28708,,,,,,,,0,,0
10081,,7380777,637,"11š*",,,,28708,,,,,,,,0,,0
1831,,7521615,634,"5*",,,,33426,,,,,,,,0,,0
10081,,7380749,25264,12š,,,,28707,,,,,,,,0,,0
1831,,7521613,636,"2*",,,,33426,,,,,,,,0,,0
5880,,3844747,634,3,,,,20743,,,,,,,,0,,0
1899,,3519478,636,"1*",,,,4656,,,,,,,,0,,0
6024,,2455754,636,2,,,,16946,,,,,,,,0,,0
6024,,2455753,636,1,,,,16946,,,,,,,,0,,0
10081,,7380778,25264,"9š*",,,,28708,,,,,,,,0,,0
10081,,7380779,25264,"12š*",,,,28708,,,,,,,,0,,0
10081,,7380780,638,"1s*",,,,28708,,,,,,,,0,,0
10081,,7380781,635,"10*",,,,28708,,,,,,,,0,,0
4562,,1010481,635,1,,,,12810,,,,,,,,0,,0
4562,,1010482,635,"1*",,,,12811,,,,,,,,0,,0
1831,,7521614,634,"8*",,,,33426,,,,,,,,0,,0
3787,,5355480,2683,6,,,,23654,,,,,,,,0,,0
10081,,7380718,635,5,,,,28707,,,,,,,,0,,0
10081,,7380719,635,4,,,,28707,,,,,,,,0,,0
10081,,7380720,635,3,,,,28707,,,,,,,,0,,0
